45071.888000
40539.576000
44440.960000
44260.676000
45798.596000
36389.084000
47825.452000
39458.672000
42213.412000
35664.512000
42505.208000
43313.952000
44800.324000
45566.368000
36614.172000
41820.968000
41004.068000
31172.332000
40465.280000
44388.700000
42061.992000
44997.532000
46168.580000
43211.740000
42903.020000
42650.232000
40732.040000
35235.180000
42054.464000
43691.820000
43531.552000
42784.676000
43811.640000
43143.156000
43704.560000
43793.952000
45198.328000
41373.444000
41826.068000
44379.108000
44785.628000
44396.460000
45422.324000
43834.916000
47374.068000
38672.116000
44948.648000
46921.500000
42107.556000
44703.344000
38383.856000
39049.516000
43252.076000
40630.140000
40031.540000
41900.900000
35892.180000
32891.736000
41549.088000
46476.088000
42314.268000
40627.900000
31739.672000
43214.084000
41550.892000
45416.608000
37799.884000
42223.776000
39239.608000
44715.312000
45004.188000
40173.592000
39807.640000
46595.388000
42198.200000
42630.072000
40743.556000
44798.588000
42570.500000
40438.780000
44713.608000
37608.172000
44303.972000
40658.676000
46738.172000
45927.808000
42503.116000
45954.240000
45251.508000
43913.880000
40781.928000
43424.636000
43261.376000
41441.160000
39412.340000
44528.592000
34976.188000
40043.776000
37989.416000
44290.948000
45135.332000
44388.476000
44376.644000
43632.684000
40663.660000
41394.548000
43619.212000
43657.352000
44551.520000
40286.116000
43068.364000
41374.812000
40524.904000
39654.112000
36890.212000
45026.224000
45023.168000
44416.396000
41960.092000
45050.868000
43011.060000
44082.004000
45291.120000
35962.176000
43531.140000
41375.376000
44083.508000
44001.652000
41741.640000
39221.468000
44617.156000
42639.668000
45224.548000
46203.744000
42885.516000
46512.788000
46133.596000
46226.560000
43491.140000
42379.108000
38091.316000
45452.656000
44154.492000
45947.820000
43357.084000
41367.200000
38640.268000
44643.780000
44227.136000
42551.840000
41000.144000
37496.536000
41958.908000
44247.404000
41208.712000
42170.480000
42265.820000
43746.032000
44189.812000
43284.732000
43323.784000
45745.540000
43966.064000
44212.736000
45577.168000
47441.080000
42146.084000
45285.708000
34545.536000
32044.612000
44573.352000
43025.852000
35073.752000
42287.380000
47270.428000
38787.228000
37470.072000
44400.776000
46380.336000
45909.200000
44444.424000
39516.868000
36961.576000
44131.960000
46114.820000
44345.036000
44339.264000
45245.360000
45564.948000
43484.048000
41687.636000
42878.520000
37175.992000
45943.616000
44298.864000
46251.412000
43090.476000
46303.372000
45527.004000
41639.624000
35136.820000
44933.236000
44527.236000
44410.188000
44233.384000
41064.248000
44239.952000
39174.764000
43783.776000
44046.524000
45962.160000
42550.972000
46022.476000
32374.016000
45023.344000
37287.592000
45595.564000
40191.648000
43866.456000
45435.280000
44566.500000
44453.192000
46306.072000
44374.128000
45734.312000
39674.196000
44603.404000
45708.232000
43277.884000
40190.592000
43533.136000
46397.708000
42773.344000
43906.940000
45774.876000
44736.812000
44216.980000
42304.220000
43712.896000
44047.972000
42657.236000
45788.864000
43231.808000
46265.704000
47189.320000
43397.400000
44012.768000
39777.424000
45426.264000
35000.388000
37506.568000
42540.628000
42405.628000
45256.100000
43401.448000
44709.624000
45392.972000
40691.464000
45086.624000
46694.168000
44175.592000
41236.900000
40365.804000
43482.948000
44300.284000
41353.016000
45604.360000
42210.224000
44376.456000
43128.184000
43322.328000
45697.420000
44895.720000
43385.108000
44908.996000
45189.488000
40932.836000
46028.024000
41414.476000
42505.896000
44460.672000
45635.256000
42221.248000
41218.272000
40046.748000
45436.776000
43465.004000
44766.352000
44889.348000
44789.296000
38439.904000
39956.424000
45325.004000
44716.204000
43061.372000
46801.316000
40800.852000
42090.176000
45213.064000
44578.896000
44014.328000
44188.216000
36037.760000
39757.556000
44067.260000
40039.404000
41218.392000
45116.540000
44967.964000
45386.584000
45792.424000
43886.024000
40874.216000
45689.128000
45743.552000
42862.240000
41957.308000
47302.736000
44250.256000
42344.876000
40437.420000
41982.556000
38920.204000
46251.268000
44362.012000
44255.336000
41688.332000
43654.020000
43480.936000
40362.752000
39277.088000
45493.752000
43591.000000
44011.796000
33073.888000
38004.732000
45525.188000
43887.424000
43801.252000
37184.108000
44057.148000
44604.824000
34924.676000
46543.180000
41610.388000
44414.212000
42304.804000
43500.564000
47010.956000
45470.824000
44171.992000
35666.696000
45703.720000
42292.300000
47107.800000
44882.932000
39280.956000
44196.192000
43458.376000
45390.988000
44721.260000
45418.860000
47597.000000
44290.300000
41166.772000
37483.996000
40142.976000
45285.996000
47336.736000
43602.684000
39323.660000
44210.164000
43118.648000
42301.860000
39612.144000
45109.228000
42443.604000
44175.820000
41034.696000
36805.044000
41761.124000
45942.292000
41811.264000
42348.044000
42220.812000
44878.204000
45207.552000
41369.308000
41832.976000
46167.924000
41917.256000
40646.148000
44673.244000
37595.872000
43482.664000
42021.740000
42397.584000
45276.016000
44465.120000
41900.528000
46502.024000
44518.564000
44292.580000
44303.120000
42097.280000
44447.324000
40946.812000
45637.732000
44219.660000
40606.216000
44031.396000
39846.184000
38950.380000
42275.700000
41834.868000
42538.232000
44534.828000
40154.316000
40694.252000
46053.828000
40307.064000
42750.952000
38566.372000
40469.324000
47175.660000
45140.240000
42440.064000
45970.928000
46510.244000
33964.048000
43925.980000
46605.392000
45313.788000
44354.372000
46093.896000
45481.964000
44850.548000
45639.868000
44583.664000
44868.112000
39241.592000
45515.528000
40374.080000
42027.360000
39216.280000
43186.916000
44784.080000
40313.872000
45804.792000
44029.132000
37911.264000
46384.780000
39560.308000
45131.052000
43377.900000
47618.240000
43716.072000
43843.056000
45787.948000
46498.652000
44060.908000
41949.960000
35460.412000
40127.108000
43547.020000
46415.860000
43681.808000
44772.368000
42372.676000
41649.868000
41675.504000
38452.348000
42964.244000
46016.176000
46833.328000
44022.556000
43054.328000
44573.076000
40543.084000
40281.272000
44764.972000
41136.312000
45070.468000
48166.256000
42378.548000
43652.960000
36718.064000
37162.216000
39858.844000
38800.112000
40668.012000
39289.276000
44458.680000
39968.828000
38406.704000
41699.352000
44554.720000
41322.176000
41282.156000
45582.764000
45155.960000
42373.516000
41557.796000
44754.624000
45691.144000
44087.040000
33833.488000
43913.436000
43459.916000
44251.148000
42978.268000
37705.080000
41970.188000
45718.168000
43330.596000
41910.116000
44000.172000
39969.432000
37896.816000
44438.160000
31978.652000
37915.120000
36484.264000
43962.416000
35075.692000
42816.052000
46713.360000
40982.216000
43529.528000
45046.888000
38773.452000
45202.572000
46975.680000
43493.504000
43177.304000
41107.780000
39671.152000
42454.504000
42152.788000
37626.084000
42180.256000
39682.776000
41048.308000
44070.332000
45853.788000
44122.596000
41662.844000
41980.236000
41729.068000
42495.264000
41039.848000
44092.636000
42497.976000
42663.832000
44349.336000
46016.600000
40625.892000
43991.424000
42468.236000
43674.604000
44025.668000
39882.596000
39592.832000
45044.608000
44998.544000
37558.032000
41692.484000
42438.092000
44708.964000
43931.056000
45027.828000
44575.252000
46259.160000
45770.272000
37869.312000
44659.772000
42186.804000
45103.712000
45255.988000
42331.696000
40810.260000
44197.100000
38946.160000
46213.616000
45732.676000
44532.068000
43877.588000
37663.120000
45229.848000
42189.968000
45220.972000
43880.936000
43548.308000
31995.884000
41182.828000
39691.088000
43243.256000
45705.016000
32445.108000
44816.044000
42359.368000
46323.268000
45139.460000
40097.500000
42846.364000
41118.560000
42474.952000
32324.124000
43368.976000
44943.652000
45355.504000
43912.916000
43748.276000
42633.672000
41513.800000
45259.636000
42188.408000
43450.132000
39339.688000
40621.712000
45886.608000
44393.780000
44613.404000
44203.812000
36461.940000
45003.196000
38273.504000
42277.900000
36758.988000
43080.840000
40749.432000
43016.768000
45403.972000
38702.308000
41045.184000
45485.608000
45674.020000
45660.504000
43485.660000
40700.360000
44523.308000
45576.296000
44360.704000
40847.072000
44614.544000
33133.208000
44282.240000
45818.280000
45042.820000
44292.120000
44515.112000
41931.212000
46269.580000
44430.220000
44030.096000
40452.888000
42110.860000
46433.200000
39754.164000
45096.372000
40797.972000
39519.856000
43710.664000
45819.996000
42487.460000
45165.972000
47397.880000
41922.100000
46904.072000
35616.476000
42154.852000
45138.496000
40819.052000
45441.368000
41886.620000
40997.236000
44835.968000
37230.404000
45238.220000
42324.004000
41133.552000
34814.188000
45504.132000
45761.328000
39570.904000
41291.304000
38219.224000
43033.188000
44800.464000
41769.704000
41671.068000
24262.356000
47682.508000
33969.412000
44397.996000
37894.576000
39153.700000
40582.212000
45318.120000
44706.752000
41897.840000
47841.280000
43899.340000
44837.648000
41945.008000
44970.648000
39562.032000
38982.268000
43458.404000
42107.092000
39930.840000
43400.932000
41672.912000
45422.820000
45444.612000
41944.832000
44054.480000
42118.276000
39550.960000
36013.968000
42429.636000
43705.500000
36796.628000
45467.208000
45797.580000
41613.308000
41157.564000
45308.236000
42941.264000
42580.668000
47579.640000
41328.932000
41925.744000
42365.092000
43017.396000
42836.792000
43911.456000
42260.660000
40591.848000
44754.304000
47442.688000
39940.828000
46438.832000
43270.488000
46499.232000
41178.380000
44832.796000
45318.520000
43252.324000
39330.756000
41540.564000
42114.092000
41511.196000
45686.532000
43127.912000
45175.052000
40173.968000
44476.832000
43019.868000
39191.436000
44492.360000
39065.416000
42742.864000
44284.972000
44240.100000
43161.840000
44769.464000
41439.492000
38351.408000
44178.672000
44230.140000
44205.892000
45475.004000
43047.772000
41777.868000
44805.428000
41577.284000
44906.600000
47070.892000
42847.212000
43333.660000
44065.832000
44449.520000
45241.184000
43682.764000
45490.552000
39320.012000
38106.712000
35772.448000
33179.204000
37508.120000
37082.188000
45631.184000
45865.616000
43046.724000
45587.692000
44168.716000
47086.124000
33623.516000
44939.084000
43402.476000
36436.872000
43044.268000
40359.752000
45917.088000
42087.428000
45775.596000
44758.564000
44607.624000
38906.584000
36195.200000
41447.272000
41215.740000
41245.292000
43905.160000
46596.144000
45197.176000
45522.696000
43139.820000
42139.220000
45801.384000
44336.488000
44222.240000
43007.084000
43060.652000
46034.080000
43672.168000
38567.140000
44460.252000
40651.344000
42564.876000
44300.996000
43721.904000
39462.392000
42433.864000
46979.144000
39519.584000
36646.512000
40334.736000
43980.324000
45716.024000
45052.200000
44924.060000
43061.972000
42575.204000
42714.576000
35947.532000
41746.848000
44377.096000
40224.556000
45017.320000
33010.544000
45326.616000
38456.532000
42477.772000
40880.544000
46329.532000
43459.764000
42719.260000
44705.808000
43300.572000
43458.864000
44141.756000
44824.532000
45033.116000
44705.476000
43779.568000
43620.128000
44335.996000
44376.528000
45577.052000
45836.668000
44310.144000
41512.852000
33988.644000
44123.996000
37208.720000
41401.472000
38419.248000
40798.548000
41814.772000
37747.580000
43092.148000
44536.708000
40491.608000
39193.352000
39663.224000
44996.212000
43738.788000
43020.804000
41490.184000
42189.032000
43631.336000
47671.284000
42240.984000
44171.700000
40682.364000
42980.968000
45204.580000
42617.204000
43608.848000
33706.420000
37226.332000
44792.640000
45064.232000
39417.564000
43997.076000
40000.520000
43902.864000
43923.944000
47085.848000
46399.224000
39591.368000
43718.468000
44486.792000
40636.496000
46295.312000
43266.052000
42024.200000
42102.864000
37940.248000
45636.392000
39335.988000
46799.216000
46570.580000
44901.800000
37920.704000
40396.128000
44019.468000
40531.076000
34890.760000
43569.476000
42092.504000
37337.144000
37694.556000
43308.548000
45196.508000
38390.492000
37561.800000
39938.064000
41793.696000
42943.792000
43485.940000
42949.148000
44378.272000
42860.092000
45067.260000
46036.696000
45041.632000
41361.272000
36686.276000
38502.832000
46733.248000
41364.092000
43627.052000
42444.012000
43648.472000
43415.056000
40566.184000
43125.472000
38385.848000
36417.940000
43039.872000
46930.908000
43691.220000
41941.568000
41973.436000
40991.896000
43626.948000
42731.860000
43762.840000
46934.940000
39562.688000
34297.688000
44848.544000
44910.264000
44922.540000
45285.260000
45455.572000
43527.568000
39987.972000
39725.732000
42198.776000
42067.732000
44030.364000
41970.888000
43246.636000
46772.504000
41719.216000
42930.644000
45479.028000
41010.964000
39231.568000
39537.108000
44725.592000
42631.948000
45477.908000
43513.600000
44767.604000
46634.788000
