163757.472000
154760.928000
161303.312000
160855.072000
163827.152000
149028.688000
170397.840000
153390.128000
158565.280000
145814.128000
157263.792000
160582.912000
163824.144000
164481.312000
151364.208000
156502.480000
156291.760000
141454.080000
156483.600000
162909.744000
157605.488000
164284.080000
166503.616000
158304.448000
158711.184000
161037.536000
154328.384000
146087.328000
158868.688000
159464.064000
159061.168000
157144.016000
159104.864000
159851.376000
160971.952000
162678.976000
162721.472000
153563.616000
156943.200000
160330.944000
163454.912000
162894.496000
163886.160000
159746.672000
169467.456000
152842.096000
161971.904000
166526.704000
158915.232000
163231.664000
150767.856000
151616.288000
159621.952000
154433.264000
152766.048000
156528.304000
148356.144000
143350.896000
156761.664000
166292.336000
157566.048000
154455.008000
139804.192000
158274.336000
157329.424000
165333.712000
153151.328000
157535.536000
152003.600000
163152.432000
162994.800000
155483.616000
151846.160000
168307.760000
155863.072000
158698.688000
154917.088000
163214.128000
158332.640000
155127.184000
162894.176000
147803.904000
162668.208000
154570.752000
168497.216000
164622.336000
159923.232000
164790.400000
164941.328000
160721.744000
156806.128000
158197.776000
161135.376000
157329.456000
151767.328000
164368.208000
147490.624000
153720.992000
148438.064000
160963.328000
165037.824000
160873.312000
162812.032000
157797.392000
154836.464000
157669.008000
160942.352000
159837.936000
163531.776000
154724.800000
159437.360000
157856.256000
155798.160000
150766.496000
147347.856000
164048.144000
164465.984000
161776.160000
157404.736000
165990.304000
159507.712000
161717.024000
163827.472000
147424.560000
159488.016000
156261.440000
162618.720000
160549.648000
159093.360000
152661.536000
163571.216000
160027.392000
164461.152000
165397.600000
160604.512000
165944.576000
166229.136000
165724.368000
159651.152000
158695.232000
150742.656000
164806.976000
160784.816000
165991.040000
161604.512000
155890.176000
151468.048000
162735.616000
161856.816000
158118.000000
155829.728000
147160.992000
156119.616000
161208.880000
154464.352000
158121.648000
159334.368000
158614.352000
160830.272000
158436.240000
161704.320000
163925.968000
162329.168000
161544.304000
162875.344000
168555.952000
158218.288000
163086.256000
145473.456000
142816.624000
162564.688000
163270.608000
146256.832000
157944.544000
170407.008000
151664.560000
147970.480000
160585.200000
166564.016000
165575.072000
161140.560000
150305.488000
150078.656000
161879.600000
165864.448000
162199.184000
161658.816000
165043.376000
163037.056000
160072.256000
159145.504000
158063.520000
151437.936000
165382.240000
162825.376000
165932.608000
160972.336000
165091.808000
164597.568000
156061.040000
144842.080000
163257.488000
160811.168000
160386.288000
162214.784000
156114.112000
160753.840000
153077.488000
158982.016000
160308.208000
166115.968000
157762.064000
164337.936000
144252.400000
163341.088000
148373.632000
164004.432000
153418.032000
162123.744000
163887.648000
161941.104000
161812.512000
166146.784000
164205.952000
165260.560000
153656.912000
160760.720000
165899.392000
159823.072000
154185.808000
158714.960000
166301.008000
158160.624000
159696.736000
164641.008000
162073.312000
160112.288000
157820.944000
162145.456000
160638.128000
159143.072000
163677.712000
159569.232000
165921.648000
167616.704000
161466.272000
161171.152000
153475.248000
165142.736000
147082.480000
148225.776000
159244.176000
159593.536000
162326.912000
159476.400000
161921.328000
164998.224000
152179.536000
165307.344000
166560.080000
161669.488000
154651.488000
152130.048000
160959.568000
162188.880000
155345.072000
164286.160000
158296.640000
160537.968000
159026.896000
159361.152000
164727.072000
161453.792000
159191.168000
161216.832000
162361.136000
156746.896000
166690.960000
157416.912000
158066.064000
161324.560000
162448.464000
155766.176000
157702.048000
153805.408000
164744.320000
160178.240000
161221.888000
161330.448000
163248.432000
151452.384000
151916.128000
164779.008000
161404.224000
159201.200000
168273.216000
154711.712000
157264.816000
164465.952000
162163.216000
161214.496000
162152.592000
150918.400000
154434.704000
160713.360000
156549.568000
155455.264000
162900.528000
163182.448000
162810.272000
164089.360000
160509.760000
155546.032000
162893.888000
165932.656000
159390.128000
156919.024000
168732.768000
163488.640000
158846.512000
155671.568000
156492.016000
151802.640000
165344.064000
160046.576000
160208.848000
156951.568000
160147.072000
158437.616000
154448.704000
153210.544000
164098.336000
162489.760000
161171.632000
145129.712000
150052.016000
165453.584000
160205.984000
161139.088000
150537.168000
160022.080000
162863.232000
146555.680000
168158.240000
156029.344000
162160.080000
156900.048000
161963.632000
165985.072000
163537.152000
160939.232000
145154.784000
164807.872000
158758.608000
168388.848000
162692.112000
152740.736000
160128.720000
158376.592000
164713.008000
162534.400000
164519.952000
170130.832000
162479.568000
156228.208000
148053.872000
154586.512000
163469.552000
168626.208000
159278.352000
153851.392000
161245.120000
158826.928000
156806.656000
152494.800000
164746.576000
158046.768000
161108.272000
155976.976000
150099.056000
157859.344000
166334.832000
156141.472000
157211.680000
157937.936000
162083.744000
164666.992000
155863.888000
157070.496000
166259.440000
157206.288000
155574.560000
163151.904000
151645.312000
161032.592000
158570.176000
157382.848000
164060.208000
160564.496000
156294.336000
166837.856000
161962.640000
160507.488000
162093.728000
157456.400000
160811.440000
157499.936000
164845.136000
162283.984000
151985.184000
161007.680000
153663.952000
153171.520000
156086.288000
156678.528000
156778.560000
162904.768000
153773.216000
156357.712000
164962.736000
155946.992000
160584.752000
152359.888000
156293.104000
168570.432000
163964.944000
156678.176000
166982.608000
166659.792000
143977.248000
161009.344000
166551.104000
163588.272000
160775.216000
166251.264000
163301.008000
163307.712000
166196.208000
162911.808000
161931.072000
151352.864000
163810.224000
155618.576000
158758.288000
152694.544000
161126.576000
161324.432000
154674.096000
165676.656000
161522.624000
151100.128000
168668.016000
153504.512000
162646.128000
160405.232000
170370.480000
161212.912000
160764.416000
163731.136000
166806.576000
160133.424000
157446.304000
148261.232000
153175.744000
160235.824000
164367.696000
160901.616000
162420.336000
160455.936000
157815.408000
160562.032000
151703.136000
157811.344000
166178.768000
167749.184000
161777.744000
159640.352000
162096.576000
155651.056000
155213.792000
162708.992000
153633.632000
164098.976000
170693.632000
160171.792000
159272.976000
149468.416000
149935.488000
154134.976000
152882.288000
157575.184000
153507.632000
160954.960000
153188.224000
151869.216000
156842.912000
162632.224000
157363.456000
156821.504000
166323.280000
163229.248000
157830.544000
157955.200000
162220.960000
164767.776000
162860.848000
144328.320000
160766.656000
159798.192000
161944.368000
159506.304000
147436.288000
157891.968000
164892.320000
160758.688000
158241.600000
161741.584000
155185.344000
150032.224000
161071.040000
143928.256000
150990.448000
151548.928000
160623.248000
144799.056000
160348.512000
167656.896000
156572.512000
158754.672000
163183.376000
155008.304000
162845.936000
167918.784000
160496.512000
158334.880000
154808.400000
152968.608000
160144.096000
159238.112000
150525.536000
158808.656000
152479.424000
157278.496000
162526.096000
166415.008000
161360.896000
153235.984000
157513.632000
157556.384000
160656.416000
155538.096000
162224.688000
158808.240000
158347.440000
161698.688000
166135.168000
153437.744000
160726.224000
156819.696000
159868.864000
160108.928000
156136.560000
155564.032000
165730.960000
161978.720000
150653.888000
157282.608000
156747.168000
165812.768000
161180.704000
162753.728000
162274.048000
167016.336000
166522.656000
154478.480000
162959.696000
160570.160000
164653.760000
165642.880000
158015.856000
153938.096000
162201.568000
152399.728000
166848.128000
164261.456000
162715.936000
162173.696000
148197.664000
163050.704000
160985.104000
162741.008000
160251.184000
159383.696000
143089.808000
158066.880000
155035.920000
157766.992000
165911.376000
143569.552000
164723.152000
159991.056000
165559.440000
164432.832000
154499.024000
158613.888000
154247.056000
158528.288000
142068.640000
160785.328000
161879.200000
164510.080000
160880.544000
160216.528000
158426.304000
157785.568000
164012.960000
161166.016000
160329.424000
152574.656000
157295.728000
166177.440000
163697.968000
161257.024000
159730.384000
152428.288000
162478.912000
152872.736000
160607.472000
149733.952000
160755.440000
156139.088000
159963.056000
164119.136000
150429.104000
156556.976000
164028.768000
165732.608000
162507.168000
159185.056000
154830.576000
161419.552000
166301.120000
163621.088000
154800.032000
162557.072000
143151.696000
162974.416000
165647.392000
163021.920000
160022.816000
162395.584000
157629.424000
165476.368000
160371.072000
160131.216000
157032.944000
157767.936000
165972.608000
156424.704000
162672.880000
154961.792000
154486.352000
158008.416000
166578.368000
159114.512000
163687.072000
169563.168000
155998.224000
167999.360000
145070.160000
155593.776000
167599.504000
155065.360000
163098.752000
155463.264000
154398.048000
162822.848000
151034.224000
164176.768000
157381.472000
155006.400000
145546.880000
164289.936000
165451.952000
153739.376000
156009.936000
149092.288000
159481.536000
161566.784000
158469.200000
156057.680000
129553.712000
171745.680000
144979.008000
161641.184000
148771.440000
149748.032000
156397.568000
163872.160000
165607.840000
155259.632000
171344.960000
160217.152000
162382.464000
159002.992000
164017.744000
153157.632000
153417.632000
163450.768000
159119.056000
151275.008000
159735.568000
155168.416000
164827.552000
163766.496000
157907.472000
159460.384000
158669.584000
153827.696000
147398.176000
158531.024000
162369.248000
148358.144000
163974.464000
164531.568000
160085.712000
155230.768000
164033.120000
159114.288000
158108.656000
170509.856000
156714.000000
158791.856000
157436.384000
160551.344000
159583.632000
161839.680000
157513.504000
153444.048000
161096.528000
170093.872000
154505.376000
166456.432000
159193.296000
166609.168000
156334.848000
162374.128000
163971.296000
158686.128000
150809.232000
157857.840000
157198.928000
155259.760000
164060.320000
158621.360000
164625.584000
152447.664000
161335.872000
159585.488000
150965.360000
161381.024000
153524.848000
157322.544000
161740.080000
160704.800000
159359.616000
164533.312000
156342.368000
152623.056000
162740.272000
161823.360000
163009.776000
165946.944000
159277.024000
158216.768000
162571.136000
155862.240000
162730.384000
168325.440000
157371.648000
161095.168000
159093.344000
161043.280000
164363.248000
160551.360000
165215.072000
152774.880000
151253.648000
146628.432000
143762.688000
150649.120000
151069.856000
166742.928000
164586.336000
159443.888000
164747.520000
159332.608000
168255.216000
145133.440000
163082.032000
159526.080000
148104.560000
161567.664000
158165.840000
166726.576000
158697.200000
164413.712000
162688.928000
162426.256000
154653.840000
145499.680000
153069.056000
157333.264000
156547.440000
161783.392000
167752.848000
164490.448000
165036.480000
159263.024000
156754.624000
163392.448000
161765.776000
161734.976000
159380.864000
158598.624000
165541.984000
159520.960000
153633.360000
162424.720000
155924.368000
157513.680000
160938.640000
160239.600000
151762.512000
157819.552000
168279.024000
151186.896000
149678.624000
154839.504000
161771.584000
163381.824000
163803.152000
162740.304000
158362.176000
158048.544000
157759.952000
148402.000000
158493.984000
161307.216000
153605.024000
165288.496000
145679.088000
163345.456000
151608.928000
156245.360000
157299.680000
166587.920000
163322.416000
160190.832000
162683.808000
160416.512000
161045.600000
163648.320000
163885.456000
162529.936000
161565.168000
161869.264000
160877.168000
160313.968000
163501.552000
163668.224000
165270.224000
161878.304000
156532.112000
144503.456000
162027.168000
148905.056000
157829.568000
153065.824000
155434.160000
155440.720000
149570.288000
160237.856000
161726.368000
155678.544000
151493.552000
154677.488000
163590.672000
159418.944000
158367.920000
158280.480000
157316.512000
159193.568000
170094.672000
158416.624000
162068.352000
156626.416000
160107.600000
163069.168000
159459.648000
159052.768000
146752.944000
148721.616000
163014.784000
162493.952000
153521.488000
159414.368000
154625.136000
161665.808000
161944.432000
167423.088000
167602.496000
152021.776000
163748.512000
161070.176000
153598.912000
166347.216000
159636.464000
157102.672000
157308.192000
152382.912000
163764.960000
151964.992000
168099.616000
168333.680000
161835.520000
149199.984000
154049.104000
162604.560000
156429.664000
144859.968000
159671.584000
155058.160000
148796.336000
152994.560000
160062.496000
163859.152000
152026.448000
147990.304000
156048.528000
156491.616000
161268.480000
159138.560000
161080.592000
161949.952000
157608.368000
165072.384000
167097.488000
163091.968000
156355.696000
148888.000000
150944.864000
166437.152000
154188.784000
161571.792000
158784.512000
159350.400000
160824.944000
155718.608000
159348.608000
149954.464000
149279.232000
158400.240000
168653.968000
159819.664000
158216.000000
158132.736000
153541.712000
162106.768000
158650.080000
158375.520000
166692.256000
154273.520000
143459.584000
161431.952000
162214.224000
163291.120000
164324.128000
165768.432000
160263.136000
151783.008000
151717.024000
155324.176000
157544.848000
161872.896000
156040.672000
156934.608000
166924.320000
158783.216000
159396.464000
163196.448000
154246.512000
155798.352000
154995.792000
163409.152000
159591.136000
164907.536000
159860.592000
162314.032000
166850.336000
