210.576000
197.424000
209.604000
209.018000
213.150000
179.166000
217.818000
192.628000
201.074000
179.760000
204.308000
205.776000
209.622000
212.236000
180.810000
200.372000
199.202000
160.394000
194.176000
209.114000
202.376000
210.610000
213.418000
206.102000
204.266000
199.984000
198.900000
178.258000
201.188000
207.326000
206.492000
205.050000
208.076000
205.534000
207.172000
206.180000
211.400000
201.562000
200.278000
209.570000
208.830000
208.822000
211.726000
207.434000
216.810000
187.658000
210.800000
215.858000
200.542000
209.204000
188.488000
190.278000
206.334000
198.786000
195.254000
202.002000
184.566000
167.040000
201.856000
214.584000
203.506000
198.914000
165.884000
205.958000
199.106000
211.548000
181.938000
201.472000
191.140000
209.852000
210.730000
193.224000
195.548000
214.538000
203.696000
204.320000
198.714000
210.098000
203.810000
197.642000
209.960000
190.394000
208.246000
198.506000
215.126000
213.160000
199.166000
213.036000
210.826000
207.908000
198.516000
206.734000
205.784000
200.996000
193.638000
208.968000
174.954000
196.424000
188.724000
208.426000
210.750000
208.918000
208.654000
207.446000
198.574000
198.370000
206.626000
206.208000
208.952000
195.114000
205.534000
200.314000
196.564000
196.676000
186.438000
211.188000
210.696000
209.422000
201.102000
209.710000
204.522000
206.198000
211.612000
180.476000
206.986000
197.320000
207.806000
207.246000
200.864000
191.718000
209.746000
204.410000
211.134000
213.992000
204.238000
214.566000
213.462000
214.040000
206.582000
200.354000
190.938000
211.592000
208.850000
213.010000
205.490000
199.716000
191.434000
209.602000
208.608000
204.464000
197.152000
187.168000
202.534000
209.026000
198.912000
199.288000
203.298000
207.628000
208.918000
206.286000
205.280000
212.734000
207.812000
208.956000
212.152000
217.136000
200.838000
211.654000
175.480000
165.674000
209.540000
201.690000
179.228000
202.230000
216.326000
188.938000
188.488000
209.344000
214.320000
212.592000
209.500000
196.502000
182.560000
208.292000
213.902000
209.182000
208.532000
211.544000
212.490000
206.828000
195.382000
205.396000
183.360000
213.360000
208.592000
214.174000
205.106000
214.194000
212.102000
201.900000
179.058000
210.714000
209.698000
209.630000
208.804000
198.048000
208.684000
193.286000
207.872000
208.226000
213.464000
203.762000
213.634000
167.500000
211.036000
186.296000
212.526000
197.004000
206.440000
211.824000
209.310000
208.868000
214.296000
208.096000
212.660000
193.714000
209.942000
212.152000
205.798000
195.416000
207.396000
214.182000
205.228000
208.222000
212.810000
210.138000
209.062000
203.058000
206.236000
208.178000
203.742000
213.068000
205.700000
214.112000
216.416000
204.764000
207.340000
192.836000
211.464000
178.266000
188.436000
200.958000
201.414000
211.602000
206.772000
210.080000
211.650000
199.828000
210.828000
215.252000
208.000000
199.698000
198.018000
206.438000
208.882000
200.724000
212.328000
200.628000
209.340000
205.220000
206.396000
212.022000
210.612000
206.294000
210.674000
211.392000
197.710000
213.404000
198.690000
204.104000
209.708000
212.728000
203.680000
196.540000
194.374000
212.020000
205.946000
210.320000
210.806000
209.976000
190.072000
194.636000
211.186000
210.234000
204.950000
215.358000
199.394000
202.168000
210.812000
209.724000
208.136000
208.480000
176.756000
192.550000
208.182000
192.934000
200.316000
210.938000
210.922000
211.904000
212.916000
207.028000
198.504000
212.824000
212.608000
203.064000
201.878000
216.672000
208.216000
201.114000
196.782000
202.242000
193.858000
214.102000
209.482000
208.480000
200.466000
206.910000
207.128000
192.228000
194.908000
212.376000
205.808000
207.674000
165.348000
190.638000
211.482000
207.704000
207.594000
184.902000
208.230000
209.828000
173.270000
214.418000
201.302000
209.494000
203.430000
204.818000
216.170000
212.276000
208.748000
180.516000
212.612000
203.802000
215.840000
210.510000
191.846000
208.860000
207.116000
211.890000
210.130000
211.790000
217.280000
208.694000
200.322000
186.974000
193.892000
211.642000
216.840000
206.830000
192.874000
208.198000
205.740000
203.914000
192.732000
210.658000
203.726000
208.470000
197.916000
180.062000
199.470000
212.686000
201.544000
203.438000
202.362000
210.822000
211.332000
200.010000
201.944000
213.578000
202.420000
195.434000
209.926000
187.332000
205.468000
200.698000
203.644000
211.472000
209.716000
202.668000
214.608000
209.754000
209.190000
208.944000
203.048000
209.494000
195.662000
211.962000
207.850000
197.716000
208.078000
194.476000
190.654000
203.738000
202.190000
204.456000
208.814000
196.338000
195.194000
213.662000
193.404000
201.472000
189.842000
193.402000
216.206000
210.760000
203.788000
213.072000
214.594000
171.580000
207.198000
214.896000
211.410000
209.470000
213.524000
212.098000
210.294000
211.850000
209.468000
210.484000
194.740000
212.244000
197.088000
202.352000
192.772000
204.578000
210.504000
196.524000
212.976000
206.806000
189.952000
213.730000
195.142000
211.198000
206.506000
217.232000
206.912000
207.712000
212.982000
214.714000
207.886000
202.164000
176.470000
196.798000
206.722000
214.702000
207.216000
210.184000
200.826000
200.494000
197.344000
187.958000
204.334000
213.404000
215.332000
207.694000
205.488000
209.682000
197.878000
195.308000
210.042000
200.296000
210.974000
218.792000
202.982000
207.220000
182.024000
182.760000
195.482000
189.744000
194.354000
194.590000
209.648000
193.882000
187.760000
197.752000
208.808000
197.416000
200.306000
212.134000
210.832000
203.098000
197.990000
210.132000
212.616000
205.320000
173.984000
207.586000
206.682000
208.842000
204.090000
188.424000
201.118000
212.828000
205.558000
200.282000
205.966000
194.084000
185.456000
209.476000
165.162000
185.068000
177.704000
207.108000
177.386000
204.578000
215.248000
197.288000
207.128000
210.928000
188.146000
211.410000
215.788000
205.788000
206.200000
198.478000
195.184000
202.132000
202.250000
184.066000
202.208000
191.456000
198.454000
207.562000
212.234000
208.158000
202.374000
202.226000
200.942000
202.044000
199.576000
207.494000
203.684000
203.216000
208.652000
213.348000
199.214000
207.804000
204.030000
207.450000
208.406000
192.954000
190.128000
210.204000
210.956000
181.848000
201.050000
204.046000
209.134000
207.720000
210.982000
209.614000
214.084000
212.692000
181.200000
209.686000
200.022000
211.024000
210.958000
203.396000
197.162000
208.474000
193.164000
213.660000
212.478000
209.518000
207.270000
185.284000
211.452000
201.180000
211.446000
208.108000
206.570000
162.302000
197.178000
192.800000
206.060000
212.708000
165.286000
210.078000
202.068000
214.190000
210.302000
196.282000
205.054000
199.212000
202.356000
165.182000
205.304000
210.838000
211.596000
207.702000
207.602000
203.544000
200.124000
211.602000
198.108000
206.422000
194.064000
195.140000
213.092000
207.826000
209.850000
208.910000
177.702000
210.766000
187.352000
202.966000
180.858000
205.492000
196.420000
203.316000
211.850000
193.150000
198.608000
212.220000
212.438000
212.704000
206.878000
196.208000
209.566000
211.496000
208.224000
196.992000
209.560000
170.520000
207.244000
212.988000
210.774000
208.932000
209.436000
200.954000
214.274000
209.726000
208.100000
193.368000
203.398000
214.100000
193.198000
211.070000
199.342000
191.044000
207.964000
212.254000
204.150000
211.610000
216.840000
200.886000
215.532000
178.698000
203.170000
210.096000
197.514000
212.064000
202.658000
200.174000
210.452000
182.866000
211.306000
202.938000
200.028000
177.330000
212.286000
212.780000
193.212000
200.216000
190.548000
205.022000
210.308000
201.072000
200.398000
132.426000
217.234000
175.446000
209.154000
187.500000
191.766000
195.662000
211.724000
209.128000
202.012000
217.584000
207.666000
210.516000
201.724000
210.492000
193.368000
189.142000
204.654000
200.050000
196.728000
206.238000
201.632000
211.602000
211.970000
201.728000
208.656000
201.810000
192.932000
180.372000
203.218000
205.014000
185.654000
211.684000
212.754000
196.738000
200.818000
211.666000
204.076000
204.418000
217.284000
197.566000
201.268000
204.086000
204.210000
204.152000
207.428000
203.178000
196.964000
210.276000
216.932000
193.514000
214.648000
206.608000
214.728000
198.746000
210.558000
211.188000
206.554000
193.874000
199.486000
203.218000
201.794000
212.722000
204.424000
210.806000
195.312000
209.016000
204.466000
193.822000
209.708000
190.532000
204.816000
208.378000
208.886000
204.892000
209.604000
198.494000
187.596000
208.060000
208.486000
208.370000
211.786000
205.370000
201.626000
210.178000
201.122000
210.712000
215.890000
205.022000
205.114000
208.512000
209.352000
211.412000
207.234000
211.964000
193.986000
189.268000
178.968000
163.710000
183.368000
182.890000
211.488000
212.816000
205.102000
212.490000
208.982000
216.138000
170.182000
210.326000
206.470000
179.872000
202.246000
191.236000
210.344000
202.882000
212.702000
210.150000
209.624000
188.160000
185.252000
201.452000
198.838000
199.202000
207.416000
214.848000
210.976000
212.180000
205.566000
202.054000
213.224000
208.820000
208.696000
205.426000
205.674000
213.512000
206.860000
186.250000
209.366000
193.564000
203.518000
208.782000
207.576000
192.492000
203.928000
215.920000
194.240000
180.792000
198.044000
207.394000
212.856000
210.764000
210.842000
205.146000
203.366000
204.316000
179.926000
198.856000
208.780000
196.582000
210.812000
168.564000
211.648000
190.574000
204.662000
197.100000
214.254000
204.770000
204.550000
210.032000
205.950000
206.100000
207.714000
210.266000
210.890000
209.818000
207.408000
206.512000
209.154000
208.120000
212.502000
212.990000
208.540000
199.142000
173.494000
208.682000
184.060000
197.064000
186.868000
196.914000
202.126000
187.170000
205.602000
209.950000
192.624000
194.088000
194.412000
210.350000
207.402000
205.450000
199.432000
200.876000
207.372000
217.678000
203.176000
208.782000
197.566000
203.884000
211.218000
203.306000
206.788000
167.670000
186.574000
210.060000
210.808000
193.026000
208.454000
195.716000
207.064000
207.620000
216.244000
214.312000
194.448000
205.462000
209.724000
198.552000
214.072000
205.702000
201.972000
202.664000
185.720000
212.676000
194.234000
215.468000
214.606000
210.632000
186.840000
195.156000
207.474000
193.690000
180.172000
207.030000
203.644000
187.028000
183.918000
206.110000
210.882000
188.754000
189.888000
193.284000
201.864000
201.852000
206.926000
203.518000
209.020000
205.406000
209.550000
213.328000
210.656000
199.556000
182.226000
189.808000
215.316000
199.334000
205.930000
203.722000
207.232000
206.072000
195.668000
205.276000
191.352000
182.258000
204.652000
215.390000
207.562000
199.404000
199.002000
200.032000
205.470000
204.474000
207.872000
215.926000
190.260000
176.416000
210.624000
210.264000
210.466000
211.414000
211.842000
205.972000
197.398000
196.138000
202.300000
202.490000
207.474000
202.332000
206.634000
215.392000
199.356000
205.334000
212.066000
200.454000
188.712000
192.158000
210.020000
204.574000
211.970000
206.864000
210.238000
214.614000
