-402.904000
-391.296000
-400.124000
-399.168000
-403.284000
-382.932000
-411.500000
-389.140000
-396.080000
-378.972000
-394.692000
-398.712000
-403.084000
-403.792000
-385.732000
-393.580000
-393.356000
-372.720000
-393.196000
-401.828000
-394.852000
-403.524000
-406.392000
-395.992000
-396.292000
-399.352000
-390.912000
-379.488000
-396.436000
-397.576000
-396.772000
-394.564000
-397.320000
-398.028000
-399.532000
-401.424000
-401.776000
-389.992000
-394.264000
-398.968000
-402.232000
-401.952000
-403.164000
-397.748000
-410.400000
-388.268000
-400.936000
-406.748000
-396.520000
-402.060000
-385.548000
-386.928000
-397.944000
-390.892000
-388.536000
-393.396000
-382.964000
-374.788000
-394.112000
-406.340000
-394.968000
-390.880000
-370.528000
-396.080000
-394.556000
-404.964000
-388.568000
-394.804000
-387.148000
-402.172000
-401.980000
-391.720000
-387.628000
-408.564000
-393.040000
-396.672000
-391.544000
-402.252000
-396.016000
-391.316000
-401.720000
-381.928000
-401.356000
-391.216000
-409.072000
-404.248000
-397.576000
-404.232000
-404.164000
-399.180000
-394.036000
-395.876000
-399.644000
-394.932000
-387.376000
-403.564000
-381.392000
-389.752000
-382.876000
-399.112000
-404.536000
-399.448000
-401.528000
-395.492000
-391.532000
-394.900000
-399.492000
-397.796000
-402.688000
-390.816000
-397.884000
-395.568000
-392.140000
-386.392000
-381.364000
-403.692000
-403.952000
-400.672000
-394.544000
-405.448000
-397.616000
-400.128000
-403.180000
-381.268000
-397.452000
-392.976000
-401.296000
-398.652000
-396.732000
-388.352000
-402.772000
-398.216000
-403.808000
-405.328000
-398.912000
-405.632000
-406.084000
-405.620000
-397.596000
-396.296000
-385.800000
-404.408000
-399.548000
-405.768000
-399.944000
-392.608000
-386.884000
-401.832000
-400.676000
-395.812000
-392.312000
-380.912000
-393.048000
-399.860000
-390.480000
-395.404000
-397.224000
-396.684000
-399.408000
-396.180000
-400.096000
-403.236000
-401.036000
-400.492000
-401.828000
-409.268000
-395.548000
-402.404000
-378.564000
-374.540000
-401.356000
-401.868000
-380.224000
-395.384000
-411.200000
-386.452000
-382.276000
-399.052000
-406.796000
-405.304000
-399.820000
-385.700000
-384.304000
-400.732000
-405.864000
-401.228000
-400.248000
-404.868000
-402.152000
-398.296000
-396.072000
-395.768000
-386.292000
-405.224000
-401.688000
-405.896000
-399.364000
-404.752000
-404.000000
-392.996000
-377.672000
-402.516000
-399.360000
-398.916000
-401.200000
-393.192000
-399.060000
-389.316000
-397.080000
-398.676000
-406.200000
-395.220000
-403.892000
-376.828000
-402.672000
-382.504000
-403.540000
-389.572000
-400.496000
-403.064000
-400.516000
-400.432000
-406.120000
-403.480000
-404.780000
-389.708000
-399.284000
-405.776000
-398.016000
-390.532000
-396.876000
-406.284000
-396.068000
-398.136000
-404.220000
-401.024000
-398.528000
-395.228000
-400.876000
-399.252000
-397.208000
-403.076000
-397.684000
-405.868000
-407.944000
-399.896000
-399.300000
-389.156000
-404.844000
-380.668000
-382.700000
-396.964000
-397.344000
-401.408000
-397.620000
-400.764000
-404.492000
-388.508000
-405.028000
-406.628000
-400.380000
-390.904000
-387.816000
-399.260000
-400.972000
-392.036000
-403.620000
-395.800000
-399.036000
-396.876000
-397.448000
-404.200000
-400.208000
-397.224000
-399.976000
-401.372000
-393.996000
-406.804000
-394.284000
-395.692000
-400.124000
-401.644000
-392.704000
-394.800000
-390.000000
-404.480000
-398.120000
-399.840000
-400.092000
-402.492000
-386.776000
-387.528000
-404.240000
-400.224000
-396.980000
-408.752000
-391.440000
-394.340000
-403.808000
-401.188000
-399.936000
-400.804000
-385.568000
-390.828000
-399.212000
-393.064000
-392.240000
-401.980000
-402.468000
-401.912000
-403.540000
-398.624000
-392.068000
-402.256000
-405.684000
-396.724000
-393.964000
-409.432000
-402.656000
-396.132000
-392.156000
-393.556000
-387.364000
-405.112000
-398.500000
-398.476000
-394.300000
-398.328000
-396.300000
-389.944000
-389.556000
-403.728000
-401.320000
-399.812000
-377.556000
-384.916000
-404.996000
-398.496000
-399.716000
-385.420000
-398.104000
-401.784000
-379.504000
-408.600000
-393.288000
-401.140000
-394.436000
-400.500000
-406.052000
-402.832000
-399.560000
-378.736000
-404.496000
-396.900000
-408.884000
-401.684000
-388.128000
-398.380000
-396.380000
-404.572000
-401.520000
-403.972000
-410.956000
-401.356000
-393.500000
-382.332000
-390.700000
-402.740000
-409.336000
-397.308000
-390.256000
-399.552000
-396.668000
-394.416000
-387.964000
-404.204000
-395.564000
-399.628000
-392.468000
-384.540000
-394.988000
-406.100000
-392.944000
-394.560000
-395.436000
-401.120000
-404.332000
-392.764000
-394.368000
-406.092000
-394.500000
-392.336000
-402.344000
-386.936000
-399.460000
-395.880000
-394.952000
-403.444000
-399.268000
-393.424000
-407.000000
-401.004000
-399.000000
-401.032000
-394.908000
-399.548000
-394.256000
-404.508000
-400.980000
-387.304000
-399.552000
-389.716000
-388.712000
-393.364000
-393.816000
-393.936000
-401.616000
-390.040000
-392.724000
-404.788000
-392.356000
-398.676000
-387.684000
-392.508000
-409.240000
-403.228000
-393.720000
-407.044000
-406.908000
-376.224000
-399.080000
-406.704000
-402.700000
-399.500000
-406.032000
-402.532000
-402.568000
-406.044000
-401.696000
-400.808000
-386.888000
-403.324000
-392.140000
-396.612000
-387.812000
-399.524000
-400.076000
-390.956000
-405.476000
-399.840000
-386.616000
-408.972000
-389.824000
-401.788000
-398.908000
-411.332000
-399.788000
-399.128000
-403.120000
-406.876000
-398.260000
-394.880000
-381.940000
-389.552000
-398.476000
-404.164000
-399.172000
-401.372000
-398.384000
-395.380000
-398.348000
-386.744000
-395.228000
-406.180000
-407.920000
-400.388000
-397.792000
-400.808000
-392.596000
-391.904000
-401.600000
-389.952000
-403.336000
-411.824000
-398.268000
-397.244000
-383.520000
-384.408000
-390.336000
-387.788000
-394.876000
-389.812000
-399.500000
-389.184000
-386.656000
-393.416000
-401.600000
-394.280000
-393.952000
-406.212000
-402.264000
-395.420000
-395.112000
-401.104000
-404.264000
-401.620000
-377.072000
-399.144000
-398.068000
-400.780000
-397.464000
-381.632000
-395.104000
-404.640000
-399.064000
-395.696000
-399.980000
-391.624000
-384.456000
-399.952000
-376.512000
-385.876000
-385.768000
-398.764000
-377.228000
-398.416000
-408.088000
-393.296000
-396.668000
-402.404000
-390.908000
-402.132000
-408.264000
-398.616000
-396.400000
-391.204000
-389.024000
-397.944000
-396.864000
-385.264000
-396.668000
-387.872000
-394.656000
-401.028000
-406.232000
-399.984000
-389.436000
-394.672000
-394.976000
-398.536000
-392.356000
-400.916000
-396.420000
-396.068000
-400.160000
-405.968000
-389.780000
-399.108000
-394.276000
-398.240000
-398.432000
-392.868000
-391.912000
-405.332000
-400.880000
-384.760000
-394.356000
-394.016000
-405.600000
-399.888000
-401.912000
-401.024000
-407.220000
-406.504000
-389.860000
-402.180000
-398.468000
-404.056000
-405.504000
-395.708000
-389.916000
-400.824000
-388.364000
-406.944000
-403.620000
-401.552000
-400.920000
-381.696000
-402.460000
-399.044000
-401.804000
-398.572000
-397.324000
-375.428000
-395.080000
-391.356000
-395.380000
-405.948000
-375.220000
-404.076000
-398.308000
-405.316000
-403.880000
-391.060000
-396.632000
-390.188000
-396.048000
-373.872000
-398.780000
-400.720000
-403.976000
-399.112000
-398.700000
-396.248000
-395.240000
-403.496000
-399.000000
-398.620000
-388.136000
-394.428000
-406.120000
-402.340000
-400.128000
-398.012000
-388.056000
-401.520000
-388.392000
-398.876000
-384.056000
-399.164000
-393.108000
-397.588000
-403.576000
-385.756000
-393.548000
-403.584000
-405.440000
-401.728000
-397.304000
-391.164000
-399.768000
-406.384000
-402.688000
-391.080000
-401.180000
-375.204000
-401.740000
-405.616000
-402.216000
-398.120000
-401.112000
-395.052000
-405.492000
-398.936000
-398.436000
-393.820000
-395.608000
-405.720000
-393.392000
-401.820000
-391.696000
-391.076000
-396.184000
-406.528000
-397.004000
-403.256000
-410.424000
-392.956000
-408.424000
-378.388000
-392.268000
-407.532000
-391.604000
-402.320000
-392.144000
-390.960000
-401.840000
-385.236000
-403.744000
-394.696000
-391.408000
-378.376000
-403.796000
-405.228000
-389.708000
-393.060000
-383.752000
-397.416000
-400.200000
-395.956000
-392.660000
-355.876000
-412.932000
-377.752000
-400.336000
-382.524000
-384.784000
-392.928000
-403.136000
-405.192000
-392.116000
-412.456000
-398.440000
-401.576000
-396.908000
-403.356000
-388.752000
-388.984000
-402.548000
-396.804000
-387.048000
-397.660000
-391.592000
-404.200000
-403.016000
-395.508000
-397.760000
-396.364000
-389.828000
-380.736000
-396.260000
-400.592000
-382.504000
-403.192000
-403.788000
-397.492000
-392.172000
-403.232000
-396.796000
-396.028000
-411.496000
-393.620000
-396.340000
-395.168000
-398.812000
-397.652000
-400.520000
-394.872000
-389.100000
-399.724000
-411.052000
-390.648000
-406.596000
-397.420000
-406.660000
-393.192000
-401.604000
-403.208000
-396.756000
-386.348000
-395.140000
-394.740000
-392.276000
-403.512000
-396.468000
-403.876000
-387.900000
-399.896000
-397.468000
-386.372000
-400.072000
-389.628000
-394.812000
-400.252000
-399.064000
-396.760000
-403.688000
-393.136000
-387.924000
-401.660000
-400.440000
-402.148000
-405.720000
-396.976000
-395.624000
-401.584000
-392.800000
-401.908000
-408.752000
-394.824000
-399.344000
-397.192000
-399.604000
-403.940000
-398.800000
-404.920000
-388.536000
-386.356000
-379.788000
-375.384000
-385.192000
-386.064000
-406.548000
-403.832000
-397.140000
-404.336000
-397.552000
-408.764000
-377.400000
-401.924000
-397.632000
-381.460000
-399.676000
-395.132000
-406.348000
-396.508000
-403.660000
-401.872000
-401.252000
-390.556000
-379.080000
-389.120000
-394.516000
-393.460000
-400.296000
-408.164000
-403.780000
-404.808000
-397.292000
-393.800000
-403.000000
-400.308000
-400.600000
-397.552000
-396.616000
-405.400000
-397.816000
-388.996000
-401.204000
-392.516000
-394.876000
-399.476000
-398.772000
-387.124000
-395.424000
-408.868000
-386.740000
-384.040000
-391.732000
-400.344000
-402.704000
-402.956000
-402.060000
-395.984000
-395.696000
-395.020000
-382.228000
-395.744000
-400.036000
-389.512000
-405.076000
-378.860000
-402.500000
-387.112000
-393.628000
-394.672000
-406.660000
-401.796000
-398.484000
-401.720000
-398.640000
-399.656000
-402.528000
-403.268000
-401.196000
-400.180000
-400.468000
-399.356000
-398.820000
-402.444000
-403.072000
-404.996000
-400.408000
-393.436000
-376.664000
-401.032000
-383.160000
-394.792000
-388.760000
-391.668000
-392.324000
-384.180000
-398.544000
-400.672000
-392.092000
-387.324000
-390.772000
-403.012000
-397.632000
-396.076000
-395.944000
-394.376000
-397.264000
-411.172000
-396.052000
-401.136000
-393.524000
-397.948000
-402.196000
-397.344000
-396.720000
-379.612000
-383.500000
-402.120000
-401.304000
-389.412000
-397.680000
-390.908000
-400.060000
-400.492000
-407.772000
-407.968000
-387.420000
-402.728000
-399.808000
-389.848000
-406.100000
-397.476000
-393.948000
-394.680000
-387.472000
-403.192000
-387.464000
-408.704000
-408.868000
-400.672000
-383.412000
-389.924000
-401.108000
-392.616000
-377.776000
-397.976000
-392.100000
-383.076000
-387.936000
-398.296000
-403.252000
-387.972000
-382.416000
-392.516000
-393.536000
-399.288000
-397.472000
-399.108000
-400.688000
-395.364000
-404.480000
-407.356000
-402.328000
-393.348000
-383.072000
-386.152000
-406.440000
-390.364000
-399.988000
-396.576000
-397.520000
-399.284000
-392.004000
-397.024000
-384.688000
-383.672000
-395.940000
-409.148000
-397.996000
-395.392000
-395.512000
-389.996000
-400.828000
-396.528000
-396.384000
-406.872000
-389.676000
-375.984000
-400.276000
-400.980000
-402.564000
-403.784000
-405.596000
-398.440000
-387.440000
-387.408000
-391.972000
-395.004000
-400.448000
-392.776000
-394.468000
-407.080000
-396.300000
-397.420000
-402.376000
-390.948000
-392.436000
-391.292000
-402.384000
-397.960000
-404.468000
-398.044000
-401.076000
-406.648000
